386 428
416 788
854 1049
202 854
763 854
854 1834
413 798
798 1057
798 1256
460 1057
788 1522
416 1522
129 1057
1057 1643
396 941
941 1057
941 1256
798 1789
798 1191
227 798
416 1674
145 788
330 416
1057 1314
906 1522
416 1222
416 1264
416 758
788 901
416 841
75 941
941 1316
941 1091
941 1191
941 1817
416 630
166 1057
416 811
1413 1614
302 1413
189 1413
1413 1823
416 641
585 1522
641 1057
1057 1823
416 1863
416 1786
798 1618
503 798
28 1715
208 1057
763 1049
732 1057
1057 1694
1057 1263
416 1088
788 1057
652 1350
652 743
652 1624
133 652
652 1746
256 652
652 808
270 652
212 1057
4 1057
416 1488
416 1164
416 1174
28 1616
1522 1668
1057 1864
1522 1722
1057 1595
652 1057
191 652
182 652
416 652
652 1211
416 1211
416 978
907 1145
1522 1656
357 1746
1299 1746
1256 1746
227 1746
1057 1746
1191 1746
941 1618
413 941
1057 1522
416 1656
53 416
1057 1164
1057 1134
818 1057
811 818
416 1021
121 1057
630 1057
630 1673
1088 1722
439 1413
695 1057
1055 1057
1522 1688
422 1057
416 1354
652 1174
391 788
391 524
391 416
75 1478
1057 1478
202 1049
202 763
472 1019
428 472
12 472
472 1438
472 1248
472 590
377 472
472 721
472 1715
251 472
155 472
472 1207
472 540
472 772
44 472
189 472
112 472
472 907
416 472
472 926
472 1823
472 1734
472 1447
472 1145
472 1635
472 1448
472 1303
472 1523
472 890
280 472
472 629
472 1590
302 472
472 1800
386 472
472 513
379 472
472 1370
472 741
246 472
472 1307
202 472
472 1339
22 472
420 472
472 1390
472 806
472 1129
21 472
472 1813
472 1313
472 1075
472 1681
895 1057
416 1721
416 1019
941 1789
226 941
906 941
666 941
941 1413
941 961
227 941
899 941
941 1271
798 1455
798 1746
416 1315
1792 1863
699 1057
1102 1164
1057 1656
416 581
763 1448
763 1010
243 1057
1049 1781
53 1522
1232 1522
302 1057
416 1535
1211 1448
813 1211
973 1211
329 1211
527 1211
226 1211
1056 1211
377 1211
439 1614
439 1823
302 439
189 439
368 416
1057 1588
416 1694
1057 1568
941 1545
1301 1863
1057 1605
357 798
798 1299
166 416
811 1793
416 1388
416 1758
416 1413
1057 1407
1057 1488
1478 1863
28 1448
416 1447
1057 1721
941 1717
81 1057
1164 1447
811 1057
572 1057
338 1057
1161 1812
302 416
416 1794
1057 1260
1019 1088
416 1722
53 1863
725 1823
416 695
416 1448
207 1575
416 850
145 1057
581 1413
416 524
652 943
256 416
416 1438
1413 1595
1057 1801
0 1818
255 1057
409 1057
145 1478
1390 1834
763 1834
847 1057
1057 1220
340 416
854 1781
1390 1781
1057 1323
1207 1683
340 1057
906 1057
202 1781
1781 1834
1164 1595
1656 1674
416 1407
330 1057
0 416
1057 1144
439 1164
1164 1413
302 1164
1164 1823
1164 1614
978 1057
379 1616
379 1165
1057 1460
416 1614
652 1447
1057 1614
503 1478
416 901
226 961
226 377
226 416
226 302
226 1746
226 1448
226 1823
226 1614
1057 1505
1057 1863
22 763
1413 1522
1049 1834
202 1834
416 984
984 1522
984 1656
256 1057
416 1542
1379 1522
416 1379
630 1379
899 1057
1057 1793
652 1522
581 641
314 416
641 901
630 1413
1019 1248
428 1248
12 1248
1248 1438
189 1248
590 1248
377 1248
721 1248
1248 1715
251 1248
155 1248
1207 1248
540 1248
772 1248
44 1248
112 1248
907 1248
416 1248
926 1248
1248 1823
1248 1734
1248 1447
1145 1248
1248 1635
1248 1448
1248 1303
1248 1523
890 1248
280 1248
629 1248
1248 1590
302 1248
1248 1800
386 1248
513 1248
379 1248
1248 1370
741 1248
246 1248
1248 1307
202 1248
1248 1339
22 1248
420 1248
1248 1390
806 1248
1129 1248
21 1248
1248 1813
1248 1313
1075 1248
1248 1681
540 1337
79 1164
1019 1238
725 1019
322 416
462 1057
28 741
764 1057
807 1053
1057 1096
439 630
238 1527
1075 1527
189 1527
377 1527
721 1527
302 1527
21 1527
1527 1823
386 1527
379 1527
1447 1527
280 1527
1527 1635
1448 1527
772 1527
428 1527
1527 1614
1527 1715
741 1527
145 416
1057 1394
330 726
416 538
1057 1360
792 1164
930 1164
610 1164
34 1164
1164 1481
758 1057
165 416
1057 1528
90 416
90 1164
1057 1351
1049 1390
763 1390
334 1057
941 1455
652 1863
1057 1281
1522 1793
416 1704
524 788
1164 1736
1042 1715
1478 1615
1616 1635
416 1635
416 880
1313 1485
1313 1681
53 630
324 416
195 1057
1165 1616
907 1165
1057 1447
1057 1193
1057 1758
12 1057
1057 1515
1057 1715
1404 1413
641 1780
841 1522
901 1057
707 1057
330 1088
929 1057
189 1522
1522 1715
302 1522
1522 1823
1522 1614
1019 1681
1438 1681
400 1681
1681 1715
1129 1681
820 1681
652 1681
1034 1681
907 1681
1165 1681
416 1681
830 1681
786 1681
356 1681
611 1681
1447 1681
1145 1681
1107 1681
1522 1681
876 1681
513 1681
1681 1799
1207 1681
1681 1800
420 1681
145 1681
379 1681
1659 1681
511 1681
1523 1681
529 1681
1681 1687
21 1681
1676 1681
751 1681
788 1681
1164 1522
416 1479
1164 1628
1057 1388
416 456
189 1681
1379 1681
1673 1681
1681 1719
428 1681
496 1681
1286 1681
386 1681
955 1681
1614 1681
1635 1681
734 1057
533 901
888 1681
613 1681
1117 1681
1681 1698
926 1681
354 1681
723 1681
579 1681
892 1681
1303 1681
1164 1681
1279 1681
976 1681
442 1681
1527 1681
996 1057
630 1488
630 1863
630 652
255 630
1057 1162
666 961
377 666
416 666
302 666
666 1746
666 1823
666 1614
1057 1437
511 641
641 1447
1260 1522
1057 1315
330 1191
1256 1478
270 416
270 1522
270 1656
1448 1635
28 1635
40 521
303 416
1165 1715
379 1715
238 1715
708 1057
763 1345
547 763
1057 1624
1005 1057
428 1635
943 1057
854 1390
763 1734
416 1595
109 1681
1261 1681
1681 1823
1681 1842
806 1681
9 1681
630 1522
581 1722
798 1552
798 1545
416 1793
1057 1088
811 1522
668 811
652 811
811 1746
1057 1445
882 1057
416 1688
811 1174
191 630
269 416
928 1057
416 818
1164 1296
1088 1164
1404 1614
1404 1823
302 1404
189 1404
857 1057
1238 1614
725 1614
189 1019
428 1019
1019 1616
1019 1447
1019 1635
416 902
1057 1109
416 503
527 1478
379 1337
379 907
854 1715
763 1715
1145 1715
1715 1834
302 1614
841 1057
841 1174
416 943
652 1478
1057 1542
790 1522
330 641
439 1595
416 906
53 1174
302 1715
1522 1654
641 1614
1057 1282
426 1635
189 1635
1413 1635
431 1057
788 1164
416 1394
172 1057
606 725
652 841
763 907
230 1057
416 1168
94 1057
982 1681
1301 1681
1057 1421
1057 1815
641 1243
416 1243
145 1863
1223 1469
1057 1149
1243 1708
850 1057
255 416
416 1462
330 1164
392 630
1404 1595
133 416
1057 1511
1004 1057
679 899
757 761
850 1721
238 907
850 1479
1479 1656
1057 1154
1057 1807
302 1863
333 1337
416 1351
416 882
641 1863
641 1164
416 1154
340 1164
907 1616
127 630
98 630
1057 1243
396 1243
1057 1819
1057 1750
831 1057
21 28
342 416
1174 1522
145 1522
1057 1091
1614 1863
566 1057
1455 1746
269 1164
428 1863
416 948
416 1514
379 1565
191 1164
416 1823
1057 1674
451 1057
330 531
330 1813
330 1404
330 1413
700 941
941 1023
1057 1280
416 929
1057 1174
944 1057
652 788
592 1057
416 1080
416 1624
763 1145
1049 1734
907 1734
416 1220
973 1057
416 899
1057 1479
1598 1715
907 1715
1715 1800
416 1715
540 1715
1447 1715
1411 1715
195 416
1057 1849
202 907
450 1057
1057 1722
416 713
413 713
416 761
941 1164
907 1049
907 1781
162 1057
1049 1448
202 1448
1300 1448
1448 1834
907 1834
416 1437
416 1372
932 1057
416 1260
1057 1217
165 1057
854 907
1057 1625
133 1057
133 1164
1057 1575
838 1575
62 1575
769 1575
416 1082
75 798
416 672
186 1057
287 1057
1057 1510
439 641
189 641
641 1413
302 641
641 1823
641 906
302 1145
302 907
1388 1758
230 416
1186 1816
189 302
302 377
302 1746
302 1823
1057 1265
336 859
416 1864
1164 1560
416 1091
368 1057
1803 1823
1522 1586
191 416
53 641
416 1792
581 1057
189 1715
1413 1715
1715 1823
1614 1715
393 416
1057 1662
829 899
1164 1404
1057 1805
330 1614
330 439
302 330
330 1823
53 1164
630 1164
1165 1337
643 1681
1517 1681
1681 1813
854 1057
901 1746
112 1681
629 1681
390 1681
378 1681
416 1012
248 690
22 854
641 788
416 1528
97 1681
641 1793
377 1719
1075 1719
21 1719
189 1719
1616 1719
1715 1719
721 1719
416 1719
302 1719
1719 1823
386 1719
379 1719
1447 1719
280 1719
1635 1719
1448 1719
772 1719
428 1719
1614 1719
741 1719
342 1057
202 547
1057 1702
572 763
1164 1722
441 1746
186 818
948 1057
1057 1474
1337 1715
416 750
682 1614
1010 1834
1057 1537
416 648
1057 1768
1053 1161
393 1057
798 1817
798 1859
581 1522
540 907
386 1165
416 928
928 1792
416 451
416 1723
1012 1057
379 416
305 1057
416 919
1057 1161
391 426
97 391
575 1721
168 416
788 1413
269 1057
808 1057
16 1057
1057 1209
695 929
889 1057
53 788
145 1164
122 1057
540 1681
416 1232
1232 1256
416 1282
854 1847
416 1057
416 1717
210 1057
1057 1063
924 1057
1022 1057
907 1614
416 1573
837 1057
644 1057
638 1777
416 1474
666 1448
90 1057
763 1781
414 1681
1506 1681
255 1522
1057 1586
1057 1776
652 1656
416 769
182 1164
138 1057
217 761
416 707
1164 1407
182 416
540 1635
907 1635
1057 1168
113 1174
1164 1174
1174 1759
390 1174
1174 1863
1174 1479
255 1174
788 1174
1026 1057
416 1586
1057 1470
1057 1448
416 726
165 726
1447 1616
1145 1447
321 1447
1301 1447
1447 1614
652 899
607 1057
416 859
854 1300
333 1635
1057 1439
907 1337
1057 1616
192 1057
558 721
1145 1834
527 1746
581 1863
1057 1274
1057 1630
1057 1529
641 1478
906 1256
416 1746
143 416
1057 1075
238 1719
1057 1137
741 1635
1053 1816
1057 1082
1057 1514
1057 1318
416 1560
416 1223
1057 1413
470 1161
1161 1520
476 1161
1161 1861
672 1161
1003 1161
1161 1317
869 1161
972 1161
1161 1829
711 1161
1161 1282
178 1161
451 1161
41 1161
1161 1646
807 1161
359 1161
320 1161
84 1161
416 1145
1157 1164
854 1734
143 1834
1823 1834
630 641
1019 1057
226 1863
143 202
202 1823
1057 1854
449 1803
416 540
1057 1145
162 416
53 1057
1165 1614
919 1057
1057 1462
143 1823
373 1161
416 1161
946 1161
1161 1396
741 854
293 1313
89 1313
676 1313
1313 1743
601 1313
221 1313
171 1313
1042 1313
53 1313
1057 1836
630 713
1057 1792
1057 1671
652 1721
1522 1721
28 1823
1447 1522
256 743
416 1565
1426 1565
624 763
416 1807
416 572
53 145
369 416
1301 1722
807 1646
652 1479
540 1042
467 1057
1057 1791
741 1769
1057 1150
1057 1491
416 1430
788 1863
798 1656
798 1023
312 1057
750 1057
641 1394
47 1520
47 1161
526 1057
951 1057
22 1834
67 1057
302 630
741 1049
202 741
741 763
741 1834
330 788
524 1057
426 1057
22 1049
1057 1223
587 1161
301 1161
1734 1834
881 1057
943 1164
1049 1715
1390 1715
854 1448
854 1635
333 416
1161 1741
1161 1377
935 1161
1161 1542
1161 1755
1036 1161
335 1161
1161 1597
1161 1802
1161 1459
540 1676
775 1413
1681 1848
1681 1787
1057 1111
377 1057
862 1057
1042 1442
1313 1442
31 772
1483 1557
675 1042
378 472
378 1715
378 1145
1384 1715
42 1178
1042 1178
907 1676
907 1313
819 1165
1042 1165
661 1165
31 819
819 1093
1557 1751
851 1042
661 851
629 1188
756 1715
472 1739
472 748
472 1811
472 1834
202 1676
202 1715
1313 1447
1042 1390
907 1390
772 1442
189 321
1042 1145
1145 1442
1676 1800
1447 1800
1145 1800
907 1800
1145 1390
1390 1739
403 1715
10 1715
642 1715
1379 1590
1379 1715
280 1379
741 1379
354 1379
321 1715
321 1681
321 1800
31 1042
31 578
1739 1800
1661 1715
1313 1715
1145 1313
21 1165
319 1715
1145 1635
783 1715
52 1715
494 1156
1734 1739
480 1313
378 1042
378 1800
378 907
472 1042
1145 1598
189 1145
1145 1823
321 1145
1145 1614
0 1487
753 1715
1145 1366
428 1715
1042 1093
22 540
460 1557
756 1557
1374 1752
1145 1676
580 1715
1093 1442
1442 1834
907 1448
772 907
1448 1715
772 1715
1042 1259
1042 1090
321 496
1715 1811
1042 1734
540 772
907 1042
1313 1676
819 1042
772 1313
1042 1811
1392 1715
302 321
442 907
442 721
442 1715
442 1823
442 1613
386 442
379 442
442 1751
442 1448
442 772
772 1156
494 772
21 1715
1145 1165
378 567
1165 1800
480 1715
1485 1715
1739 1834
772 1834
1557 1657
472 814
1579 1635
1447 1635
721 1635
1075 1635
1635 1715
1635 1823
386 1635
379 1635
772 1635
1579 1715
1579 1823
1447 1579
428 1579
1579 1614
751 1042
18 1811
907 1811
0 1835
753 1165
44 1165
378 1313
378 1635
1042 1325
197 1715
661 1042
0 233
1448 1823
1614 1823
772 1823
1598 1681
675 1259
506 1715
1557 1652
1616 1800
19 1800
1042 1686
1093 1686
321 493
494 1734
1715 1734
1734 1811
318 1557
395 1811
1019 1715
21 395
18 1145
18 1313
1541 1715
0 123
1042 1440
1440 1734
1075 1823
624 1823
721 1823
386 1823
379 1823
741 1823
472 874
189 572
572 1715
572 1823
572 1447
572 670
572 1614
189 496
496 753
496 627
493 496
1042 1248
645 1715
286 1715
1537 1715
741 1390
741 1739
378 741
525 1313
321 331
31 1442
1438 1715
1438 1598
606 1715
606 1823
907 1739
42 1042
1715 1766
493 1715
1165 1194
1042 1834
1448 1686
1370 1686
1686 1715
772 1686
907 1686
1313 1686
653 1834
760 1715
472 1194
372 1042
1800 1834
398 1557
540 1145
1145 1739
1184 1715
852 1715
142 1681
568 1715
1145 1685
1447 1834
96 1715
1429 1715
493 1598
1715 1739
22 1715
420 1448
1276 1448
624 1448
772 1448
535 1715
1030 1557
125 1557
1440 1831
1093 1440
1715 1771
1174 1681
334 1557
31 1259
473 1715
851 1325
604 1042
783 1557
321 783
1325 1442
1390 1800
378 1390
160 1715
1253 1557
580 1313
1145 1734
577 907
139 907
1042 1626
1093 1626
1676 1715
1042 1370
78 1715
1248 1739
420 1390
379 1390
753 1145
1448 1614
1145 1448
1715 1794
187 1681
472 1165
378 1165
1165 1834
31 1828
31 372
202 1145
202 1800
139 577
577 1715
472 577
577 1145
579 675
508 675
1009 1715
678 1557
1165 1739
1156 1448
1156 1715
907 1156
1366 1715
494 1715
820 1042
400 540
540 1438
540 1019
540 1207
155 540
540 820
540 1613
145 540
540 1719
540 926
540 1823
10 540
540 1447
511 540
540 1522
112 540
540 1800
540 1488
420 540
513 540
540 1479
540 1598
529 540
540 1303
540 1129
540 1279
540 751
540 1842
255 540
540 1313
442 540
772 1696
772 1339
772 1370
772 1145
736 1715
1165 1686
965 1715
1148 1715
343 1148
1148 1614
206 1148
1148 1635
1391 1681
96 1681
918 1681
1681 1759
306 1681
1248 1834
18 472
25 1715
540 1165
261 1715
1042 1828
1313 1828
1598 1603
1517 1598
1447 1598
189 1598
420 1676
938 1715
464 938
1637 1715
1093 1828
1042 1128
202 1093
1734 1800
661 1178
1557 1568
605 1715
126 1715
1145 1557
1557 1800
1557 1834
907 1557
379 753
189 379
722 1452
1452 1557
1140 1452
856 1145
317 1145
1672 1715
1143 1715
1557 1724
1534 1715
1370 1715
756 1145
1614 1635
773 1715
557 1715
755 1715
63 1715
1448 1557
1557 1635
1064 1715
202 1811
202 1739
540 1093
1259 1440
907 1447
1523 1715
1657 1715
379 1614
333 379
78 753
78 1426
1156 1313
1156 1165
647 1313
146 1715
313 1557
428 1523
378 1557
494 907
22 1442
496 1715
347 1557
218 1715
213 1715
1248 1676
372 1700
1242 1715
1390 1811
1739 1811
772 1811
0 656
1447 1676
1811 1834
823 1557
753 1426
753 1833
189 753
493 1681
1575 1681
302 572
321 572
505 1715
31 907
1128 1686
1464 1715
540 1390
1326 1715
1390 1676
1676 1739
311 1042
542 1145
1145 1207
1132 1145
245 1834
674 907
604 1370
1156 1834
1145 1370
1156 1526
496 832
579 918
428 579
1485 1598
1145 1485
1485 1676
378 1686
1370 1442
31 202
31 1696
31 1145
1557 1576
18 378
1442 1715
822 1715
1259 1442
202 1828
1325 1686
772 1407
772 1614
907 1442
1110 1313
493 773
1313 1811
1145 1811
44 1715
202 1042
1090 1259
491 1715
96 1811
819 1259
286 1145
814 1359
661 1828
658 1715
143 379
772 1557
420 1715
8 1715
1341 1715
407 1715
1248 1811
1075 1145
1313 1428
74 1557
578 819
405 1614
143 1614
338 1557
428 1075
395 953
656 1715
529 1715
142 1715
414 1715
1095 1715
107 1584
316 540
1444 1790
772 1734
164 202
321 1752
1259 1828
1363 1715
1715 1732
549 1715
1259 1686
982 1145
1275 1313
148 1614
148 1557
692 1715
311 1715
683 1715
661 907
1715 1752
142 425
142 1644
142 402
142 1598
251 1042
1207 1313
1710 1715
819 1834
1313 1834
950 1769
378 1739
1715 1824
540 1739
1685 1715
540 1811
1075 1715
164 907
18 1715
245 1313
321 1676
155 1681
1613 1681
1356 1681
983 1681
101 1681
1488 1681
164 1681
1479 1681
255 1681
567 1715
540 1442
220 1557
189 1676
44 907
202 1390
100 1042
1207 1715
1279 1715
1391 1715
356 1715
83 1715
1107 1715
786 1715
350 1715
18 1165
1090 1442
741 1598
741 907
741 1715
741 1800
741 1447
741 1145
741 1650
378 1811
1128 1440
189 1557
1207 1800
772 1093
716 1715
143 1715
0 321
0 1676
66 472
472 1561
438 1778
0 438
363 438
438 874
117 1715
634 1715
1443 1715
279 1715
856 1715
317 1715
89 1715
855 1715
189 1438
851 1259
372 851
851 1093
286 1537
1422 1715
1165 1313
1800 1811
189 1766
386 1715
31 1090
1598 1800
629 1800
661 1442
884 1557
31 1734
164 1715
1715 1743
516 1715
1235 1374
498 1715
1241 1715
1090 1811
650 1715
559 1042
378 772
804 1557
260 1751
1390 1734
1390 1797
722 1622
1370 1622
361 1622
494 1686
1686 1834
907 1370
1079 1557
378 540
0 1145
31 540
540 1834
442 472
1533 1715
1358 1715
111 379
379 613
379 540
379 1145
379 534
379 1107
1390 1442
1145 1155
1077 1557
1533 1681
907 982
819 1715
819 1442
86 1715
1140 1598
1598 1601
1438 1447
540 1734
1306 1557
202 540
1370 1448
1313 1343
1589 1715
432 1715
0 1715
0 415
472 1557
379 918
140 753
140 1715
1382 1557
472 1442
1248 1442
379 1447
379 572
520 1715
57 1313
1203 1715
202 1329
202 1696
202 772
430 1557
721 1715
1165 1440
422 1715
120 1557
1248 1828
907 1828
361 1728
361 1747
361 709
907 1194
378 1834
1390 1686
448 1368
1032 1715
372 819
1557 1811
211 213
213 1145
494 1834
1178 1834
1093 1834
907 1626
78 189
1165 1442
1734 1828
12 1390
494 1390
1156 1390
1390 1526
405 1715
874 1681
1262 1715
675 1075
675 1508
442 1447
661 1093
772 1042
772 1259
155 772
472 1379
1145 1686
1075 1666
1112 1715
721 733
721 907
509 1557
1613 1715
1234 1715
1715 1773
153 1715
1093 1178
1165 1178
772 1165
1686 1811
480 1343
497 1715
497 1145
202 1165
386 1800
112 1800
202 661
378 1598
378 1447
378 1650
83 472
83 1248
1442 1734
1165 1734
629 1715
321 1614
1374 1715
559 819
783 1140
783 1800
253 1313
143 907
670 907
907 1823
748 907
1207 1447
372 1686
22 1145
22 1739
1557 1773
1194 1715
18 1800
819 1370
819 907
1090 1626
604 1626
42 1442
851 1313
1621 1715
1616 1715
1407 1614
1557 1823
96 1557
670 1557
572 1557
1557 1614
492 1715
232 1401
232 1557
385 1438
60 1681
317 1313
1676 1811
86 1145
927 1715
997 1557
480 1553
772 1766
44 772
321 753
78 321
321 1557
321 1426
151 1557
1557 1716
637 1715
31 1093
572 950
1002 1145
378 1734
629 773
662 1715
22 1042
1326 1557
540 1411
1379 1419
1379 1543
1379 1507
137 1379
1379 1629
31 1626
85 1440
245 1343
772 1739
1266 1715
1352 1557
494 1448
1516 1715
1042 1831
1093 1831
772 819
10 1313
361 893
604 1686
378 1676
670 1715
139 472
18 907
85 1259
613 1715
534 1715
111 1715
989 1715
1165 1447
883 1715
472 1225
1178 1313
1715 1751
602 1715
1442 1828
1614 1616
202 1207
1207 1739
361 722
361 1370
184 379
1145 1650
0 1435
92 1557
626 1715
129 1557
1715 1723
814 1715
1279 1579
386 1579
772 1579
1626 1700
372 1626
1093 1165
1246 1557
277 472
907 1188
832 1715
204 1145
907 1093
1165 1390
814 1100
0 1732
147 1557
372 1828
1442 1686
1002 1715
950 1614
950 1715
531 950
1313 1626
267 907
907 918
1412 1715
272 1715
315 1715
907 1719
1719 1811
1527 1719
204 722
204 1715
559 1686
773 907
629 907
472 480
493 1766
540 675
1219 1715
96 1390
280 1616
428 1616
1313 1476
0 1711
535 1145
907 1485
333 1715
21 485
202 1442
1442 1700
372 1442
1165 1248
378 1248
780 1715
1715 1848
31 1739
1715 1820
568 1145
1715 1838
265 907
675 1828
815 1681
916 1448
844 1715
938 1362
982 1362
211 956
1425 1715
346 1557
10 907
1248 1848
578 851
42 1390
1155 1715
1145 1826
1613 1800
1533 1800
1145 1700
1090 1145
1172 1715
444 1715
1606 1715
1145 1606
537 1145
1313 1370
819 1734
1408 1715
1178 1259
1199 1557
347 1715
1356 1598
656 1598
232 1715
232 1313
1715 1769
740 1715
1540 1715
472 1540
604 1090
1563 1715
1093 1313
337 1715
623 1557
85 1734
1478 1527
472 1478
1478 1715
18 540
584 1715
1047 1715
1344 1715
42 1626
921 1312
1312 1557
59 963
540 753
311 1442
85 1042
36 1379
918 1379
1379 1635
150 1313
1128 1828
10 1523
1313 1523
1358 1676
1165 1811
1235 1313
1262 1752
1145 1752
1752 1823
1614 1752
1557 1632
821 1379
821 1543
821 1507
137 821
821 1419
1690 1715
1715 1847
1076 1715
2 1769
379 1769
1557 1784
0 1218
85 1626
1626 1734
772 1390
772 1800
10 472
480 1557
1442 1831
1295 1715
10 1635
31 1370
1502 1715
1189 1676
189 1188
529 1676
540 1686
189 1614
1370 1626
1482 1557
1098 1715
753 1676
1090 1715
1575 1676
493 1676
496 1676
148 1715
819 1811
1093 1811
332 1557
535 692
675 1766
675 1811
12 675
128 675
675 1400
675 1634
675 1214
675 791
675 1715
553 675
251 675
675 1285
675 967
675 1687
42 675
675 1181
158 675
378 675
675 772
675 1442
316 675
69 675
655 675
675 1339
372 675
675 1165
100 675
675 1734
675 1781
183 675
675 1458
661 675
675 1468
480 675
675 1831
675 1128
675 1440
675 1156
675 986
675 1834
675 872
675 1800
675 1448
675 1090
675 1370
598 675
675 851
85 675
257 675
675 1028
675 866
675 1626
675 875
202 675
675 1145
22 675
420 675
559 675
675 1390
675 907
675 1178
675 1325
472 675
675 763
675 751
675 819
675 1696
675 1305
675 1313
203 675
675 1775
311 675
819 1313
372 1834
0 1373
1554 1715
379 1613
1145 1438
1523 1823
874 1715
66 1715
1561 1715
1676 1834
613 1248
1248 1412
907 1598
1248 1557
1557 1563
1145 1563
85 1178
483 783
783 1772
741 918
692 1313
21 753
21 673
559 1093
311 1370
1090 1325
0 570
377 1715
568 722
379 1557
333 1557
422 1752
346 1752
13 1752
189 1752
1103 1752
22 772
559 1178
1523 1635
1313 1635
379 1732
379 982
907 1650
1093 1700
1259 1834
615 1715
1533 1541
190 1541
1541 1557
1686 1734
472 520
111 540
540 613
534 540
540 1107
540 1614
907 1787
28 772
716 1557
472 1847
540 1440
733 1165
733 1715
1145 1828
189 1800
596 1557
1145 1392
267 1165
918 1165
741 1165
753 1681
496 1447
496 1800
171 819
907 1207
85 1834
85 1442
1473 1557
832 1145
745 1715
506 1557
1313 1340
851 1145
321 773
893 1747
893 1548
1303 1715
174 1715
311 1811
1448 1526
1526 1715
494 1526
907 1526
1207 1438
907 1438
1438 1800
982 1438
1438 1676
1352 1715
661 819
155 907
0 1564
677 1557
0 514
261 1557
96 1800
78 1614
78 1145
1234 1557
101 772
624 772
1084 1715
907 1325
673 1715
918 1635
472 1676
1165 1598
876 1834
29 1557
1145 1179
189 557
142 652
189 982
378 584
386 1614
386 579
832 1614
379 832
1626 1811
379 1746
1038 1557
260 1715
885 1715
1557 1730
1519 1557
907 1847
1447 1533
85 372
420 650
420 907
1363 1557
1476 1557
251 1715
251 1313
251 772
454 656
18 420
420 1145
420 1834
21 907
1650 1715
753 1291
142 1447
1648 1826
3 1826
169 472
472 691
83 1207
1207 1522
1207 1379
428 1207
1207 1635
290 1207
477 1715
378 843
604 1442
18 1248
379 387
387 1715
353 1715
1313 1598
1145 1769
321 1598
428 1823
381 1715
473 756
851 1165
78 379
379 1833
622 1313
1681 1717
727 1715
42 1834
316 1042
1194 1811
907 976
189 493
572 1145
753 1120
472 1120
12 1715
1715 1799
1375 1715
1539 1715
272 1165
272 907
496 1557
1313 1734
1598 1769
139 1557
472 753
1075 1811
540 1370
1048 1676
1048 1313
142 722
1165 1752
907 1752
379 496
1027 1715
1165 1370
372 1093
372 1831
372 907
202 378
578 1325
783 907
1070 1648
1128 1178
10 1075
10 428
772 1831
379 1834
1557 1767
321 402
321 1438
321 964
1208 1676
1165 1828
0 1820
472 851
155 1145
83 1616
540 1616
472 1616
1248 1616
31 1834
321 832
1207 1676
1188 1676
189 1447
584 1047
1313 1390
873 1607
142 1676
1177 1557
540 1325
358 448
448 485
559 1828
96 1676
1167 1676
1601 1676
1136 1557
385 472
78 540
333 540
772 982
427 472
154 1557
846 1715
31 1325
572 907
572 772
386 1145
1165 1626
1613 1635
379 420
874 1561
0 1561
1550 1561
1561 1785
86 142
964 1358
189 1358
1313 1582
1073 1715
31 851
42 1686
395 907
96 1303
1145 1303
378 1303
1453 1715
851 1626
851 1811
379 428
280 379
1614 1769
171 772
1601 1715
1715 1764
31 1831
11 1635
1078 1557
1078 1589
1328 1557
1248 1485
420 1042
420 1811
436 1715
472 1598
1292 1715
1089 1715
983 1156
161 1156
1259 1811
1743 1834
96 1834
1517 1834
1626 1715
321 454
321 1356
851 1248
1313 1493
1493 1715
1493 1811
1428 1715
262 1681
670 1823
907 1831
1696 1715
1339 1715
31 42
428 485
280 428
428 741
772 1828
1371 1557
18 1834
1119 1715
628 1557
493 753
493 1447
493 1575
485 1165
372 1178
1229 1715
1497 1681
0 506
0 485
472 1613
0 1170
202 1313
540 1259
1313 1374
783 1834
772 783
189 1769
1557 1814
1700 1828
1205 1557
321 350
1165 1259
196 1715
1575 1715
347 1248
347 1145
378 1590
1715 1746
907 1743
773 1557
189 773
773 1497
142 189
1465 1557
540 1183
1183 1557
142 1145
42 1828
1406 1715
605 1145
42 559
865 1557
907 1379
907 1522
428 907
83 907
1007 1493
1313 1558
1145 1420
245 1715
20 1715
258 1715
669 1715
1178 1715
31 675
386 772
741 772
387 1557
1090 1828
19 1616
849 1557
333 1145
753 907
753 1635
753 1613
333 753
753 1614
420 916
0 1598
540 1828
78 1557
1259 1325
1325 1811
772 1178
96 772
772 1517
442 1508
442 611
354 442
0 378
649 1715
407 753
282 1557
824 1715
803 1715
417 1557
915 1557
1297 1715
1448 1799
1375 1448
748 1448
52 1145
245 907
85 1828
85 661
201 1557
31 1811
21 1412
21 1517
661 1145
851 1734
1715 1843
907 1497
405 741
540 1557
540 1533
733 1800
1370 1834
1340 1715
386 741
142 442
1156 1370
1451 1769
493 1614
957 1715
10 1681
890 1681
1681 1837
225 1681
394 1557
1145 1651
663 1681
1349 1557
540 1541
605 1589
464 1715
1651 1715
964 1557
1128 1370
354 472
661 1440
485 1715
140 781
843 1269
13 321
10 35
35 1313
1442 1697
378 1442
918 1598
529 918
918 1715
918 1391
820 918
918 1129
428 918
918 1719
112 918
918 1823
786 918
918 1447
918 1145
918 976
511 918
918 1523
96 918
513 918
918 1522
918 1303
918 1800
386 918
145 918
784 918
414 918
426 918
629 918
918 1019
918 1759
420 918
751 918
918 1842
143 1145
1030 1715
232 667
748 1834
907 1010
321 692
196 753
753 1575
856 1447
317 1447
175 1715
70 1715
1302 1715
1737 1769
379 1737
1715 1737
753 1737
1313 1824
85 1313
1321 1715
772 1321
1696 1834
1339 1834
1313 1408
189 386
812 1715
442 1635
1207 1598
278 1557
302 1557
793 1715
1093 1259
83 1557
1557 1616
1204 1715
420 1614
354 428
557 1676
1248 1440
425 1145
425 1557
473 1145
907 1496
907 1587
0 1142
86 1681
142 321
472 982
493 1145
1557 1676
126 1557
1676 1734
1362 1715
629 1676
334 1715
334 472
1557 1765
836 1715
372 1440
871 1715
588 1557
309 1715
541 1715
1501 1715
202 1700
202 372
1313 1473
496 907
496 1635
496 1426
496 1613
496 540
496 1145
333 496
496 1614
858 1715
0 1298
11 1715
420 1766
1614 1766
13 78
1087 1676
428 1557
0 704
0 782
1557 1707
254 1042
434 1715
42 1440
1432 1557
1093 1734
714 1313
42 1093
1019 1614
1197 1715
907 1090
997 1715
794 1557
860 1715
452 1715
1353 1715
512 1715
1447 1613
1614 1676
1145 1194
546 1715
184 1715
1530 1715
982 1715
457 1557
1090 1686
731 1438
733 907
60 907
378 428
420 1626
472 553
1407 1715
814 1313
753 1557
317 1165
444 1557
280 1635
1145 1501
605 1290
471 1313
472 783
0 1171
1453 1557
1128 1626
1051 1715
916 1715
801 1313
480 549
378 1269
820 1715
0 1353
0 602
472 613
164 472
85 1093
321 1406
1090 1700
675 1093
670 1614
87 1676
496 539
156 496
173 1751
970 1715
22 245
1097 1313
44 1811
1527 1616
480 1527
1370 1527
420 815
1276 1715
624 1715
1411 1681
321 557
321 755
96 472
1145 1589
1557 1589
1447 1557
1303 1811
1019 1579
1579 1811
559 1442
1420 1715
494 1165
1715 1813
493 1538
493 1800
540 1523
1715 1749
504 1715
472 485
245 494
1225 1557
1075 1312
31 1715
772 851
189 1266
425 1715
273 361
361 1548
819 1828
1828 1834
845 1715
670 1145
1370 1440
1433 1715
377 1075
753 781
31 559
1038 1715
1370 1734
378 395
496 1616
1370 1828
1368 1715
804 1715
753 1475
1475 1715
1133 1557
12 416
540 1626
169 691
1093 1145
1566 1681
111 1681
246 1681
1087 1681
37 1038
1557 1825
1000 1681
832 1616
1163 1715
496 1575
1591 1715
729 1715
1145 1616
1128 1442
568 1557
333 1614
663 1715
1635 1666
1557 1600
1600 1751
419 1557
86 773
428 1313
797 1715
18 772
1145 1496
836 1557
472 1686
1538 1557
493 1557
1623 1715
428 1590
372 1165
31 1165
1165 1831
1177 1715
240 640
0 626
341 1715
370 1715
485 1368
395 1348
1140 1348
421 1557
1284 1715
66 874
900 1834
617 1715
341 1557
78 1676
78 1833
579 1635
1557 1718
773 1033
773 1598
32 773
296 773
1617 1715
1715 1731
202 1156
202 494
333 472
1631 1681
556 1681
372 1811
1811 1831
142 472
472 652
604 1440
1126 1557
44 1557
197 540
631 1715
853 1557
1443 1557
1145 1443
321 539
156 321
1339 1739
424 1715
372 1145
1407 1448
171 1834
1734 1847
494 1145
673 1165
1442 1811
997 1593
1557 1608
420 1557
1447 1752
316 1811
316 1834
22 31
22 907
763 1042
0 609
1189 1313
629 1145
661 1390
1107 1666
1666 1715
308 1313
1194 1390
83 540
664 1557
251 1093
251 559
251 851
386 1075
386 624
386 721
379 386
143 386
386 1448
1313 1415
264 1557
1370 1614
321 1497
189 1575
557 629
72 1715
982 1811
976 1811
494 1811
622 1715
622 640
1093 1390
1533 1613
1766 1823
748 1823
675 1584
89 772
885 1648
31 1313
213 1557
36 1800
741 976
96 741
0 1657
39 1145
1644 1676
471 1824
202 1447
1093 1739
13 1557
1098 1145
752 1834
89 1834
299 1233
959 1233
472 900
1366 1557
667 1313
472 976
922 1715
428 1447
379 1800
931 1313
931 1715
931 1523
519 1557
562 1557
917 1042
1397 1557
1110 1715
629 1598
629 1447
317 1614
1361 1533
1533 1538
1533 1635
211 1094
1571 1715
1442 1739
89 1442
177 211
907 1696
907 1339
1033 1715
32 1715
296 1715
277 1715
173 1145
326 1485
265 1348
31 661
661 772
378 1370
1370 1811
1370 1847
1370 1517
1557 1720
590 1681
290 1681
1042 1766
589 1715
378 851
796 1557
721 1800
712 1517
712 1496
572 712
954 1557
1090 1390
1357 1715
42 540
22 42
819 1248
42 851
540 1178
1235 1715
952 1145
992 1715
196 1145
1557 1769
1493 1844
633 1715
139 722
139 1715
139 1140
559 851
1476 1715
17 874
0 522
1178 1700
10 1448
366 1681
1173 1715
811 1164
321 811
227 460
811 1641
788 811
1174 1404
227 1450
93 227
620 811
999 1717
811 999
1174 1656
145 1656
811 1656
720 1729
344 811
227 889
811 918
227 1486
302 811
811 1127
581 811
255 1488
811 1488
227 466
811 1863
811 1462
227 304
811 867
1174 1413
416 1369
630 811
630 1174
1522 1746
388 811
392 1746
943 1746
1164 1369
227 389
912 981
981 1610
145 811
811 1479
999 1006
811 887
1369 1641
388 1369
330 811
698 811
227 550
1174 1746
818 1369
227 1342
256 811
227 1222
501 811
1 811
99 811
811 1670
227 1856
811 1159
1369 1717
811 1717
811 1830
227 1809
227 599
53 479
227 979
811 1639
811 908
1369 1522
811 1413
227 237
227 1206
1369 1789
981 991
939 981
811 1088
0 1485
1127 1369
918 1369
962 1746
227 1689
811 1832
641 1369
811 1595
227 479
401 811
227 1684
1127 1484
813 1746
1531 1639
227 737
698 905
446 811
1123 1369
195 811
227 459
227 1138
749 811
227 759
749 759
788 980
26 227
749 1832
102 227
811 1393
227 594
345 698
227 1150
811 1060
227 1278
274 749
53 313
227 827
227 908
1369 1746
641 811
641 1174
227 618
227 410
227 1583
1369 1610
384 811
275 1485
811 1619
652 1369
227 770
227 1043
811 1504
1619 1717
1369 1614
227 833
744 811
227 502
227 1592
1160 1653
124 811
227 1347
227 1054
256 1369
227 1029
1369 1413
998 1852
544 998
811 998
58 998
811 1441
811 1808
1174 1462
416 1842
811 1842
1174 1842
811 1409
770 788
811 1404
811 947
811 899
1153 1369
545 811
1536 1677
227 1536
811 1610
698 1546
811 1762
227 639
1369 1793
214 811
227 437
620 1369
145 1479
1127 1403
813 1369
1369 1462
1174 1369
573 811
195 1369
227 324
227 1224
1369 1488
255 1369
460 811
227 1127
227 1226
1369 1830
237 811
227 250
1175 1762
227 1762
1762 1789
811 1748
227 1059
227 1015
811 1287
227 1457
227 396
811 1614
209 1174
116 811
227 715
53 205
1413 1746
1746 1753
227 597
487 811
487 1717
227 966
227 284
668 1746
131 1746
413 1746
145 1174
227 1740
811 923
0 292
227 1385
227 1216
124 1830
227 1577
620 1789
401 1369
227 1610
227 1568
227 543
95 227
227 910
55 901
15 901
901 1723
289 1552
636 901
1552 1640
1387 1552
114 901
145 901
439 901
35 901
313 1552
104 901
1237 1552
901 1288
901 1477
460 1552
901 1699
0 901
630 901
901 1338
478 901
840 1552
307 901
367 901
901 1522
180 1552
901 1414
901 1709
114 1699
901 1267
435 901
1489 1552
297 1552
1552 1770
901 1524
300 901
825 901
141 901
489 901
398 901
901 1472
192 1552
583 901
582 901
901 1275
489 1552
901 1463
1552 1599
901 1760
222 901
304 1552
281 901
367 1760
73 1552
571 1552
77 1552
35 1197
901 1197
901 975
901 1763
901 1114
439 788
775 788
1322 1333
901 1793
481 1735
1552 1725
1197 1552
901 1570
901 1423
652 901
971 1552
199 901
1552 1709
635 1552
632 1552
0 694
835 1552
901 1380
135 255
255 406
255 1062
313 503
382 754
503 1860
1488 1609
91 641
503 591
503 1314
460 503
1488 1522
255 1052
255 961
65 255
255 652
255 814
226 255
503 814
255 641
255 1434
255 433
91 255
503 1185
503 1642
0 255
255 1106
696 735
266 968
696 1680
503 696
443 696
503 895
255 528
503 799
255 423
630 1759
630 1364
630 1391
241 630
630 788
91 665
255 443
255 735
215 1106
255 1680
324 503
443 735
503 628
255 1462
503 1222
255 1074
255 1479
255 1609
167 503
406 1283
406 1488
255 382
503 1020
255 788
960 1122
652 1488
503 1680
302 1462
255 742
1479 1522
1479 1863
1479 1488
1164 1479
630 1479
581 1479
788 1479
490 503
503 914
30 255
616 754
181 1518
255 1410
255 1201
255 1693
503 1230
255 354
334 503
304 503
503 560
503 672
503 1293
503 1386
1164 1863
581 1164
1164 1488
255 1164
652 1164
152 255
255 811
503 1568
255 1035
255 515
503 515
788 1488
255 1383
503 1490
641 1522
641 1479
641 1488
145 641
641 652
1479 1759
306 1479
408 1479
785 1479
892 1479
503 879
255 375
91 433
487 1619
788 1245
581 788
788 1391
696 1013
382 616
255 1436
788 1566
741 788
503 1106
503 1682
157 503
255 721
255 914
503 561
255 1017
503 1109
503 1389
192 503
382 994
612 1174
97 1174
1174 1488
306 1174
503 728
91 1488
914 1035
255 816
788 1759
408 788
241 788
788 892
581 1174
0 1522
0 1806
0 1580
465 1522
1256 1498
1522 1817
0 1346
1256 1604
1113 1256
668 1522
1522 1798
854 1271
1271 1413
1522 1717
864 1522
1522 1551
339 1522
788 1800
1522 1800
763 1522
788 1447
1522 1863
1018 1746
155 788
155 1522
155 1527
0 1365
75 334
1019 1522
1522 1527
1083 1746
429 1746
453 1522
643 1522
54 1522
1522 1525
834 1522
0 484
205 1522
730 1522
0 1124
1256 1846
216 1522
449 1522
0 933
0 1304
1522 1723
1590 1863
697 1522
354 1522
1417 1522
949 1522
0 1398
1256 1727
1190 1522
429 1251
0 1320
1522 1596
1449 1522
461 1522
1522 1757
429 1522
1256 1456
1522 1594
1050 1522
5 1522
0 291
35 1522
287 1522
778 1522
1478 1522
416 1478
1313 1522
429 1244
145 814
439 1522
439 775
50 1522
334 1256
0 1135
0 861
1014 1522
1158 1522
1083 1522
895 1256
689 1256
377 1522
651 1522
159 1522
1256 1522
1447 1488
482 1522
1019 1438
356 1019
442 1019
1522 1675
1164 1190
630 1681
870 1256
283 1522
1522 1841
1256 1549
1438 1522
1522 1616
0 1611
1522 1719
1499 1522
1316 1522
1066 1522
276 1522
1376 1522
83 1019
1019 1379
0 1500
1125 1522
0 593
788 1207
659 668
0 323
1085 1522
1522 1846
0 1147
1256 1568
0 680
1379 1863
925 1746
429 925
351 1522
130 1522
1247 1522
442 1303
442 1579
442 629
442 511
442 1523
442 513
442 553
251 442
442 1391
196 442
428 442
442 1129
83 442
442 1379
155 442
442 1719
442 652
246 442
0 1612
814 1522
64 1522
814 1316
463 1522
228 1522
1522 1851
911 1522
0 244
1522 1549
185 1522
0 1574
718 1522
925 1522
428 1522
668 1164
0 565
0 1270
1025 1522
1256 1355
641 1462
1462 1522
229 1522
685 1522
374 1522
294 1522
1066 1256
1309 1522
668 1664
68 1522
1303 1522
0 687
1272 1522
231 652
0 1072
854 1522
302 854
854 1413
71 429
0 235
788 1438
1213 1522
468 668
530 1478
0 660
71 925
303 1522
630 1722
325 1522
1522 1669
581 652
1303 1863
1202 1522
1151 1522
0 1116
0 1378
721 1522
35 721
899 1522
365 1522
229 234
229 1083
229 1746
229 1268
229 429
0 49
1058 1522
0 1667
0 1691
226 1522
0 554
787 1522
945 1522
1275 1522
0 298
814 1256
1221 1522
188 1522
530 842
1522 1658
310 1522
1271 1522
1041 1522
747 1522
817 1522
775 1522
581 1488
1236 1522
23 1522
1522 1545
701 1522
0 46
621 1522
1522 1569
586 1522
442 1522
7 1522
904 1522
455 1256
1091 1522
1427 1522
551 1522
1180 1522
668 779
909 1522
0 14
193 1522
536 1522
1130 1522
608 1522
1480 1522
1522 1712
1324 1522
118 1522
0 1567
1310 1522
313 1256
1256 1386
1251 1746
724 1256
666 1174
1124 1522
1228 1522
1256 1722
0 412
510 1522
1196 1256
0 355
26 1522
38 1293
641 1681
1522 1744
313 1522
205 1019
1522 1555
810 1522
0 115
0 43
1522 1663
132 585
913 1522
263 1522
1467 1522
0 574
198 1522
1176 1522
447 1522
0 1454
441 1522
585 854
234 1746
376 1522
1717 1746
379 1522
564 1522
149 530
974 1522
1522 1701
1174 1717
219 1522
1522 1788
684 1522
802 1522
1424 1522
334 1316
1118 1522
295 1522
958 1522
1522 1842
1212 1522
1331 1522
1088 1522
1522 1692
1105 1303
137 1303
940 1303
1327 1522
739 1522
106 1522
795 1522
1099 1522
767 1522
1522 1742
0 288
1139 1522
71 1522
1522 1578
249 1522
668 1174
1256 1862
710 1256
0 1254
920 1522
0 24
356 1447
1319 1522
0 1172
80 1522
1011 1522
1249 1522
486 1522
595 1522
0 1660
1244 1746
1166 1522
1121 1522
619 1522
1492 1522
1522 1804
652 1793
1195 1522
1227 1256
1019 1722
738 1522
1014 1746
1174 1271
495 1522
229 925
826 1522
1522 1620
988 1522
252 1522
1258 1522
348 1522
1192 1522
134 1522
766 1522
1198 1522
1399 1522
1001 1522
1195 1256
321 1522
396 1522
666 1522
1381 1522
411 1522
88 1522
334 1191
1018 1522
475 1522
229 1863
71 229
1169 1522
719 1522
995 1522
1522 1706
0 1858
762 1522
1336 1522
891 1522
668 1121
934 1522
458 1522
523 668
1152 1522
1522 1581
1522 1562
0 703
1256 1655
1522 1857
137 1522
0 507
765 1522
606 1522
1522 1738
1522 1796
442 1527
179 1522
112 1522
1522 1627
1061 1522
82 1522
1256 1695
105 1522
576 1522
0 1200
0 1402
1115 1522
428 1303
0 878
1522 1855
768 1256
1168 1256
1522 1714
334 1174
334 1471
1256 1726
1231 1522
1256 1645
886 1522
500 1522
1216 1522
1067 1522
1031 1522
383 1522
1367 1522
629 1438
1494 1522
298 1522
1037 1522
1380 1522
236 1522
894 1522
137 1590
1008 1522
0 1466
1495 1522
137 1863
1522 1633
354 668
706 1522
0 224
771 1522
1522 1647
1039 1522
937 1522
936 1522
399 1522
863 1522
445 1522
119 1522
200 1522
776 1522
581 668
0 1782
0 600
1215 1522
1522 1774
285 1522
0 271
0 1503
1164 1272
360 1256
1182 1522
788 1527
1146 1522
746 1522
61 1522
1522 1665
323 1522
0 1311
1257 1522
1446 1522
1522 1745
327 1522
27 1522
0 693
328 1522
404 1522
0 977
1092 1722
1092 1256
239 1256
1289 1522
223 1256
763 1046
1207 1779
1025 1413
507 1522
0 488
1045 1522
0 1678
0 1547
1164 1746
1330 1522
1268 1746
1197 1522
1512 1522
0 1679
702 1522
0 1865
681 1522
76 1522
1131 1522
1168 1522
108 1522
1522 1761
985 1522
6 1522
1522 1590
440 1522
1522 1661
0 418
1522 1756
71 1083
429 1083
563 1522
1239 1522
1273 1522
1416 1522
380 1522
625 1522
352 668
657 1256
1522 1853
1461 1522
205 1638
1040 1522
1240 1522
247 1256
877 1522
652 668
668 1827
398 1256
0 1821
170 1522
654 1522
1335 1522
1068 1522
774 1256
1522 1649
1277 1522
552 1522
1069 1722
581 630
942 1256
1431 1522
1101 1522
854 1286
364 1746
1522 1783
428 1379
1522 1795
1717 1789
1462 1717
941 1522
416 941
941 1174
777 1174
268 1174
1023 1174
439 1174
1004 1789
903 1174
630 1717
499 1174
163 630
1016 1789
1717 1842
518 1086
1174 1754
969 1717
993 1717
1222 1789
897 1174
1511 1789
460 1789
1642 1789
1513 1717
569 1717
1549 1789
581 1717
532 1086
110 1174
0 1174
1174 1308
1656 1717
630 775
397 1174
499 641
1044 1174
961 1047
666 1047
1047 1413
1047 1271
1047 1174
652 1047
56 1789
993 1174
1556 1789
961 1271
666 1271
652 1271
256 630
603 1174
1789 1794
1104 1174
1237 1789
1174 1544
1174 1211
898 1308
705 1174
259 1174
1174 1332
652 1717
259 1024
1024 1174
362 1174
1174 1619
805 1174
1789 1845
641 1543
439 1717
839 1174
1159 1174
1479 1717
396 1789
898 1174
136 1174
1174 1549
1174 1509
1174 1294
1174 1187
1174 1334
1499 1789
1174 1556
1108 1789
1174 1602
987 1174
1071 1717
1065 1174
548 1789
789 1174
1174 1405
1559 1717
1071 1462
848 1174
1174 1255
1174 1559
1123 1174
1174 1395
1019 1174
1532 1544
110 1717
499 1405
259 1717
924 1789
1572 1789
416 1026
1717 1754
1255 1789
256 1174
194 1717
1109 1789
1174 1585
1174 1703
1233 1850
555 1789
1123 1717
48 1585
686 1585
1585 1733
1585 1839
1081 1174
868 1789
172 1789
297 1789
688 1174
569 1174
469 1174
324 1789
1071 1789
721 1271
242 1717
788 1717
1159 1717
226 1174
961 1413
666 1413
652 1413
1174 1521
889 1789
1174 1418
1308 1717
1174 1705
1585 1717
268 1559
646 1789
828 1174
1174 1572
775 1174
1174 1250
256 1717
1413 1717
569 1789
33 1174
896 1141
144 1141
990 1141
371 1141
103 1141
176 1141
1141 1789
349 1141
1141 1636
1141 1713
1141 1810
474 1141
1141 1210
614 1141
51 1141
517 1141
1141 1252
1141 1840
1141 1822
671 1141
809 1789
717 1174
1197 1789
45 641
398 1789
119 1174
1174 1478
1294 1717
641 1717
800 1717
